give me the strawberry
0 
assets/simplified_objects/011.urdf 4.892972247993051527e-01 -2.989015254756255402e-04 2.000000000000000111e-01 4.526877977747005843e+00 1.704334055975638806e+00 5.030437734867335919e+00
assets/simplified_objects/076.urdf 5.022946634091233209e-01 7.934041312113071509e-02 2.000000000000000111e-01 1.933419290955639580e+00 4.142367233407433957e+00 1.969834456073560780e+00
assets/simplified_objects/044.urdf 5.110736735624615834e-01 -4.467931747052847347e-02 2.000000000000000111e-01 2.884942046078359912e+00 5.108805289930609561e+00 6.016474530464180681e+00
assets/simplified_objects/018.urdf 3.769903887979122459e-01 1.200167826552476502e-01 2.000000000000000111e-01 6.217964008043109558e+00 5.781069909306445487e-01 2.902963181528708247e+00
assets/simplified_objects/016.urdf 5.936315019694168305e-01 -3.100174834605709528e-02 2.000000000000000111e-01 1.499721175721918875e+00 2.340771370083773562e+00 3.408326708300290164e+00
assets/simplified_objects/047.urdf 5.590478182949919495e-01 9.362454637236969357e-02 2.000000000000000111e-01 3.390297826643850154e+00 4.967710668358100157e-01 4.709531692843807349e+00
assets/simplified_objects/072.urdf 5.498410296854709944e-01 8.347051176344255641e-02 2.000000000000000111e-01 4.163482381725258641e+00 5.970314888020875621e+00 4.547054043909595222e+00
assets/simplified_objects/016.urdf 3.788615569377529191e-01 3.942988344915335230e-02 2.000000000000000111e-01 1.356583090522770263e+00 1.457487066063622549e+00 9.959191960307828273e-01
